# NRL 2012 Data (excluding grand final)
list(team0 = c(1, 3, 5, 7, 9, 11, 13, 15, 12, 
4, 10, 8, 14, 16, 6, 3, 2, 1, 10, 9, 11, 16, 7, 
14, 3, 15, 11, 2, 9, 6, 8, 13, 6, 4, 7, 3, 16, 
10, 13, 5, 15, 13, 10, 14, 5, 1, 9, 12, 2, 4, 6, 
16, 12, 11, 14, 7, 2, 6, 8, 4, 15, 5, 3, 1, 3, 
9, 11, 10, 7, 12, 16, 15, 4, 8, 11, 1, 5, 14, 7, 
13, 9, 12, 2, 8, 6, 15, 1, 2, 7, 13, 16, 10, 12, 
5, 8, 11, 4, 3, 6, 1, 14, 16, 7, 2, 9, 14, 3, 10, 
13, 12, 2, 4, 9, 7, 8, 16, 1, 4, 3, 11, 15, 5, 
13, 6, 10, 15, 12, 14, 8, 4, 1, 6, 13, 5, 2, 16, 
12, 10, 11, 3, 15, 14, 7, 9, 2, 16, 8, 12, 14, 5, 
15, 4, 16, 6, 1, 9, 11, 5, 10, 13, 15, 6, 3, 13, 
9, 7, 8, 1, 4, 8, 5, 14, 10, 11, 12, 2, 12, 5, 
7, 2, 9, 16, 15, 6, 1, 4, 10, 13, 8, 14, 11, 3, 
8, 6, 9, 5, 12, 15, 6, 8), team1 = c(2, 4, 6, 8, 
10, 12, 14, 16, 13, 9, 5, 2, 1, 7, 15, 11, 13, 4, 
6, 3, 8, 5, 15, 12, 7, 4, 10, 12, 14, 16, 1, 5, 
1, 2, 14, 12, 11, 8, 15, 9, 8, 4, 16, 2, 11, 3, 
6, 7, 1, 5, 8, 9, 10, 15, 3, 13, 16, 11, 12, 10, 
9, 14, 13, 7, 8, 2, 4, 13, 6, 5, 1, 14, 12, 10, 
16, 9, 3, 6, 2, 11, 7, 16, 15, 14, 4, 5, 10, 3, 
12, 9, 8, 9, 2, 13, 15, 6, 1, 14, 13, 5, 10, 4, 
11, 8, 4, 11, 15, 7, 16, 6, 10, 15, 5, 3, 6, 12, 
13, 14, 1, 9, 7, 2, 8, 5, 11, 1, 3, 16, 3, 11, 
12, 9, 7, 10, 14, 15, 8, 4, 1, 6, 2, 5, 16, 13, 
6, 10, 9, 11, 7, 1, 13, 3, 2, 7, 8, 12, 14, 4, 
15, 3, 12, 10, 16, 2, 11, 5, 4, 14, 6, 13, 16, 15, 
3, 7, 1, 9, 4, 8, 10, 11, 1, 13, 3, 14, 15, 7, 
12, 6, 16, 9, 5, 2, 12, 15, 4, 14, 9, 5, 12, 15
), winner = c(1, 1, 1, 1, 1, 1, 0, 1, 0, 1, 1, 0, 
1, 1, 0, 1, 0, 1, 1, 0, 1, 0, 1, 0, 1, 1, 0, 0, 
1, 0, 1, 1, 0, 0, 1, 0, 0, 1, 1, 1, 0, 1, 1, 0, 
0, 0, 1, 0, 0, 0, 0, 1, 1, 0, 0, 1, 0, 0, 1, 0, 
0, 1, 1, 0, 1, 0, 0, 1, 1, 0, 0, 0, 1, 1, 0, 1, 
0, 0, 0, 0, 0, 0, 1, 0, 0, 0, 1, 0, 0, 0, 1, 0, 
0, 1, 0, 1, 0, 0, 1, 1, 0, 1, 1, 1, 0, 0, 1, 0, 
1, 1, 0, 0, 0, 1, 0, 1, 0, 1, 1, 0, 0, 0, 1, 1, 
1, 0, 0, 0, 0, 0, 0, 1, 0, 1, 0, 1, 1, 0, 1, 0, 
0, 1, 0, 0, 0, 1, 0, 0, 1, 1, 0, 1, 0, 0, 1, 1, 
1, 0, 1, 0, 1, 0, 0, 0, 0, 1, 0, 0, 1, 0, 0, 0, 
0, 1, 0, 1, 0, 0, 0, 0, 0, 0, 0, 0, 1, 0, 1, 1, 
0, 1, 1, 1, 0, 0, 0, 0, 0, 0, 0, 0), N = 200, nTeams = 16)

